6033278
1361561
1558559
5041775
4489505
1477609
5253563
5222474
2734597
6905919
4713983
2412955
2309068
2308882
6601043
1456550
3463212
2117
1353961
4912957
7542183
5461229
7408706
1371888
1392439
6148424
6917784
8358970
5651705
7718089
8253557
1338391
2484866
8446190
8455941
7747810
6715176
6977950
8469973
2557508
2174574
3932105
6441040
4384343
4893966
7109194
6738079
945231
1628918
5131268
8232535
8277596
7709396
5264616
8310610
7998353
8451738
7610692
1354555
8398735
8440879
8283662
6620788
8565547
8563295
8566058
1421944
6158556
6796544
834792
5239881
8240779
8210167
8482860
8459674
8510492
8395457
8505930
5732301
3523375
5626923
2040794
3034591
4865600
7385840
6802013
3520780
4033509
5803891
5748915
7943737
7824908
6785418
1366362
7529453
5522948
7694575
7226070
7557650
5436019
6438229
6093510
6030853
8449917
7959364
4731172
3453120
4122132
1387817
6900045
8113071
8494397
6020637
8313333
8529833
8446953
8455942
8460336
8290162
1791483
8438419
8534113
8297257
8494482
8476160
8511452
7739078
8519101
8548918
8529915
8514980
8498090
8562217
8562716
1338936
6969598
6762193
7089576
6597507
6675472
6737497
7032269
6806249
5464011
8207946
8203469
2170548
7710672
6628560
6627836
7709586
6868689
6551853
7714066
7721071
7703088
6653686
7704617
6514315
7702777
7713835
6525524
6843835
7713844
8534811
6024056
7663078
8113101
7603989
5973173
7901759
5429533
8153056
8213042
8230298
8233497
7796040
8245282
7693895
8291967
7872123
7457481
7901735
8340604
8402954
5604682
2026782
7633819
1471851
8263259
8257972
8261616
8246416
8259077
8248037
8235410
8265274
8263660
8265463
8265409
8265529
8260404
4205164
8310057
8252917
4946016
8413122
8265650
3535525
8259566
5334485
1327513
8366018
4934178
8267739
8297577
8309018
8268298
8267151
8267459
8267063
8286255
8267619
8267210
7503118
8299305
7531480
8268279
7491689
7538741
7289659
8320927
8364782
8299326
6853051
1457803
6978523
7087536
8459984
8366032
8328285
8469496
8278646
8303999
8403595
6039932
8467073
8301664
8306949
8332503
6030364
6856603
6094378
3563236
8246573
8323294
8379257
8301946
5520386
8247381
8246326
8235542
7715077
8396349
8521630
8341010
8324086
7464894
4508596
8506595
8507635
8306793
8287554
8286298
